[gd_scene format=3 uid="uid://dhwuwrgj0xoop"]

[ext_resource type="Script" uid="uid://bw7vwtif4dytf" path="res://gd/node_3d.gd" id="1_7lhp4"]
[ext_resource type="PackedScene" uid="uid://6eok38y3bfyh" path="res://tscn/character_body_3d.tscn" id="1_a202f"]
[ext_resource type="Script" uid="uid://duc7pkwd4qlnp" path="res://gd/multiplayer_client.gd" id="3_r3fl7"]
[ext_resource type="PackedScene" uid="uid://bifhuaitnfy3p" path="res://tscn/remote_player.tscn" id="4_jka67"]
[ext_resource type="Shader" uid="uid://bheieniktxvry" path="res://node_3d.gdshader" id="5_jka67"]
[ext_resource type="Texture2D" uid="uid://b0i2ljk60x3w7" path="res://static/citrus_orchard_road_puresky_4k.exr" id="6_i5arm"]
[ext_resource type="Texture2D" uid="uid://dvfqtlkwt0ma2" path="res://static/clouds.jpg" id="6_jsk3o"]
[ext_resource type="Texture2D" uid="uid://c3f4752vwh53n" path="res://static/blue.webp" id="9_4arys"]
[ext_resource type="PackedScene" uid="uid://cxo150m2m6bob" path="res://tscn/control.tscn" id="9_6iypd"]
[ext_resource type="PackedScene" uid="uid://d552wf5u3x3a" path="res://glb/landscape-col.glb" id="9_7lhp4"]
[ext_resource type="PackedScene" uid="uid://c45q1qrt5rdxb" path="res://glb/architecture/house1.glb" id="10_oycpi"]
[ext_resource type="PackedScene" uid="uid://eeckngvfa3lc" path="res://glb/architecture/archhouse1.glb" id="12_y4xl3"]
[ext_resource type="PackedScene" uid="uid://b0mkv3rsjlu5s" path="res://glb/architecture/fence.glb" id="13_ppss0"]
[ext_resource type="PackedScene" uid="uid://c4m8bct1d0d3s" path="res://glb/architecture/skinnyhouse1.glb" id="14_5rhs8"]
[ext_resource type="PackedScene" uid="uid://2lnq4kvnv37b" path="res://tscn/npc_1.tscn" id="15_eu483"]

[sub_resource type="ShaderMaterial" id="ShaderMaterial_i5arm"]
shader = ExtResource("5_jka67")
shader_parameter/hdri_background = ExtResource("6_i5arm")
shader_parameter/sky_background = ExtResource("9_4arys")
shader_parameter/clouds = ExtResource("6_jsk3o")
shader_parameter/exposure = 1.0

[sub_resource type="Sky" id="Sky_wc5p8"]
sky_material = SubResource("ShaderMaterial_i5arm")

[sub_resource type="Environment" id="Environment_jsk3o"]
background_mode = 2
sky = SubResource("Sky_wc5p8")

[sub_resource type="Curve" id="Curve_eu483"]
_data = [Vector2(0.015936255, 1), 0.0, 0.0, 0, 0, Vector2(0.90438247, 0.13260138), -1.5113069, -1.5113069, 0, 0, Vector2(1, 0), 0.0, 0.0, 0, 0]
point_count = 3

[sub_resource type="CurveTexture" id="CurveTexture_pum07"]
curve = SubResource("Curve_eu483")

[sub_resource type="Gradient" id="Gradient_yiuqw"]
offsets = PackedFloat32Array(0.40444446, 0.6577778)
colors = PackedColorArray(1, 1, 1, 1, 1, 1, 1, 0.17254902)

[sub_resource type="GradientTexture1D" id="GradientTexture1D_eh2cu"]
gradient = SubResource("Gradient_yiuqw")

[sub_resource type="ParticleProcessMaterial" id="ParticleProcessMaterial_fp1dq"]
particle_flag_disable_z = true
emission_shape = 3
emission_box_extents = Vector3(500, 1, 1)
gravity = Vector3(30, 98, 0)
scale_max = 4.0
color_ramp = SubResource("GradientTexture1D_eh2cu")
alpha_curve = SubResource("CurveTexture_pum07")
turbulence_enabled = true
turbulence_noise_speed_random = 0.0
turbulence_influence_min = 0.020000001
turbulence_influence_max = 0.080000006

[node name="Node3D" type="Node3D" unique_id=1689037102]
script = ExtResource("1_7lhp4")

[node name="player" parent="." unique_id=966699921 instance=ExtResource("1_a202f")]
unique_name_in_owner = true
transform = Transform3D(0.3, 0, 0, 0, 0.3, 0, 0, 0, 0.3, 1.2661138, -16.149754, 35.854744)

[node name="username" type="Label3D" parent="player" unique_id=1372693830]
transform = Transform3D(2.5, 0, 0, 0, 2.5, 0, 0, 0, 2.5, 0, 7, 0)
pixel_size = 0.008
billboard = 1
text = "Player
"
font_size = 48
outline_size = 8

[node name="MultiplayerClient" type="Node" parent="." unique_id=430003472 node_paths=PackedStringArray("local_player")]
script = ExtResource("3_r3fl7")
remote_player_scene = ExtResource("4_jka67")
local_player = NodePath("../player")

[node name="WorldEnvironment" type="WorldEnvironment" parent="." unique_id=1541247748]
environment = SubResource("Environment_jsk3o")

[node name="CanvasLayer" type="CanvasLayer" parent="." unique_id=614408343]

[node name="Control" parent="CanvasLayer" unique_id=1355566499 instance=ExtResource("9_6iypd")]
mouse_filter = 1

[node name="buildings" type="Node3D" parent="." unique_id=1568504284]

[node name="house1" parent="buildings" unique_id=277096914 instance=ExtResource("10_oycpi")]
transform = Transform3D(1.5, 0, 0, 0, 1.5, 0, 0, 0, 1.5, -21.633549, -12.545856, 9.666206)

[node name="house5" parent="buildings" unique_id=1932267710 instance=ExtResource("10_oycpi")]
transform = Transform3D(-1.4992872, 0, 0.04622637, 0, 1.4999998, 0, -0.04622637, 0, -1.4992872, -28.617062, -12.466211, 154.90955)

[node name="house3" parent="buildings" unique_id=678245804 instance=ExtResource("10_oycpi")]
transform = Transform3D(1.4999658, 0, -0.010131666, 0, 1.5, 0, 0.010131666, 0, 1.4999658, 172.12843, -12.466211, -7.5569)

[node name="archhouse1" parent="buildings" unique_id=862230479 instance=ExtResource("12_y4xl3")]
transform = Transform3D(0.014032332, 0, -1.4999344, 0, 1.5, 0, 1.4999344, 0, 0.014032332, 129.07576, -10.920583, 84.01862)

[node name="archhouse2" parent="buildings" unique_id=1643073342 instance=ExtResource("12_y4xl3")]
transform = Transform3D(0.39709717, 0, 1.4464834, 0, 1.4999999, 0, -1.4464834, 0, 0.39709717, 24.300667, -11.066723, 103.97597)

[node name="skinnyhouse1" parent="buildings" unique_id=200705801 instance=ExtResource("14_5rhs8")]
transform = Transform3D(1.5, 0, 0, 0, 1.5, 0, 0, 0, 1.5, 32.86203, -12.853378, 9.557)

[node name="skinnyhouse2" parent="buildings" unique_id=219530407 instance=ExtResource("14_5rhs8")]
transform = Transform3D(-1.4999479, 7.162021e-05, 0.012498829, 6.656582e-05, 1.4999999, -0.0006066999, -0.0124988565, -0.000606124, -1.4999478, -71.78859, -12.853, 84.09379)

[node name="skinnyhouse3" parent="buildings" unique_id=123307047 instance=ExtResource("14_5rhs8")]
transform = Transform3D(1.4500908, 9.08476e-05, 0.3837148, 6.656577e-05, 1.4999999, -0.0006066999, -0.38371468, 0.00060354156, 1.4500905, 198.928, -12.853, 46.832336)

[node name="fences" type="Node3D" parent="." unique_id=88815879]

[node name="fence" parent="fences" unique_id=636503190 instance=ExtResource("13_ppss0")]
transform = Transform3D(0.24726956, 0, 0.9689468, 0, 1, 0, -0.9689468, 0, 0.24726956, 18.248075, -14.177863, 122.47038)

[node name="fence2" parent="fences" unique_id=1664963420 instance=ExtResource("13_ppss0")]
transform = Transform3D(0.11148622, 0, 0.99376607, 0, 1, 0, -0.99376607, 0, 0.11148622, 16.377766, -14.177863, 132.66386)

[node name="fence3" parent="fences" unique_id=156969021 instance=ExtResource("13_ppss0")]
transform = Transform3D(-0.0013788939, 0, 0.99999917, 0, 1, 0, -0.99999917, 0, -0.0013788939, 15.849037, -14.300992, 143.19884)

[node name="fence4" parent="fences" unique_id=1783867518 instance=ExtResource("13_ppss0")]
transform = Transform3D(-0.0013788939, 0, 0.99999917, 0, 1, 0, -0.99999917, 0, -0.0013788939, 15.849037, -14.300992, 153.81242)

[node name="fence5" parent="fences" unique_id=2018228431 instance=ExtResource("13_ppss0")]
transform = Transform3D(-0.0013788939, 0, 0.99999917, 0, 1, 0, -0.99999917, 0, -0.0013788939, 15.849037, -14.300992, 164.43784)

[node name="fence6" parent="fences" unique_id=908148993 instance=ExtResource("13_ppss0")]
transform = Transform3D(-0.12915915, 0, 0.991624, 0, 1, 0, -0.991624, 0, -0.12915915, 16.589546, -14.300992, 174.94196)

[node name="fence7" parent="fences" unique_id=652155914 instance=ExtResource("13_ppss0")]
transform = Transform3D(-0.23665154, 0, -0.97159463, 0, 1, 0, 0.97159463, 0, -0.23665154, 28.529385, -14.300992, 81.703545)

[node name="fence8" parent="fences" unique_id=857889012 instance=ExtResource("13_ppss0")]
transform = Transform3D(-0.23665154, 0, -0.97159463, 0, 1, 0, 0.97159463, 0, -0.23665154, 31.057999, -14.300992, 71.38464)

[node name="fence9" parent="fences" unique_id=1155328263 instance=ExtResource("13_ppss0")]
transform = Transform3D(-0.49647403, 0, -0.8680515, 0, 1, 0, 0.8680515, 0, -0.49647403, 34.851147, -14.300992, 61.784447)

[node name="fence10" parent="fences" unique_id=1010183890 instance=ExtResource("13_ppss0")]
transform = Transform3D(-0.49647403, 0, -0.8680515, 0, 1, 0, 0.8680515, 0, -0.49647403, 40.1022, -14.300992, 52.56007)

[node name="fence11" parent="fences" unique_id=2081910336 instance=ExtResource("13_ppss0")]
transform = Transform3D(-0.5721029, 0, -0.8201818, 0, 1, 0, 0.8201818, 0, -0.5721029, 45.732334, -14.300992, 43.69125)

[node name="fence12" parent="fences" unique_id=881134847 instance=ExtResource("13_ppss0")]
transform = Transform3D(-0.76252156, 0, -0.64696276, 0, 1, 0, 0.64696276, 0, -0.76252156, 52.653873, -14.300992, 36.080704)

[node name="fence13" parent="fences" unique_id=370444826 instance=ExtResource("13_ppss0")]
transform = Transform3D(-0.76252156, 0, -0.64696276, 0, 1, 0, 0.64696276, 0, -0.76252156, 60.675823, -14.300992, 29.27401)

[node name="fence14" parent="fences" unique_id=1225405014 instance=ExtResource("13_ppss0")]
transform = Transform3D(0.09249233, 0, -0.9957134, 0, 1, 0, 0.9957134, 0, 0.09249233, 128.33064, -14.300992, 64.5721)

[node name="fence15" parent="fences" unique_id=2013499595 instance=ExtResource("13_ppss0")]
transform = Transform3D(0.170072, 0, -0.9854316, 0, 1, 0, 0.9854316, 0, 0.170072, 126.96446, -14.300992, 54.178017)

[node name="fence16" parent="fences" unique_id=413797393 instance=ExtResource("13_ppss0")]
transform = Transform3D(0.01863885, 0, 0.9998264, 0, 1, 0, -0.9998264, 0, 0.01863885, 128.86069, -14.300992, 106.610054)

[node name="fence17" parent="fences" unique_id=1825813090 instance=ExtResource("13_ppss0")]
transform = Transform3D(0.01863885, 0, 0.9998264, 0, 1, 0, -0.9998264, 0, 0.01863885, 128.68826, -14.300992, 117.21637)

[node name="fence18" parent="fences" unique_id=1539557532 instance=ExtResource("13_ppss0")]
transform = Transform3D(0.01863885, 0, 0.9998264, 0, 1, 0, -0.9998264, 0, 0.01863885, 128.46278, -14.300992, 127.8167)

[node name="fence19" parent="fences" unique_id=123562589 instance=ExtResource("13_ppss0")]
transform = Transform3D(0.26760823, 0, 0.96352786, 0, 1, 0, -0.96352786, 0, 0.26760823, 127.03502, -14.300992, 138.12695)

[node name="fence20" parent="fences" unique_id=554184171 instance=ExtResource("13_ppss0")]
transform = Transform3D(0.26760823, 0, 0.96352786, 0, 1, 0, -0.96352786, 0, 0.26760823, 124.1539, -14.300992, 148.41179)

[node name="fence21" parent="fences" unique_id=1038814795 instance=ExtResource("13_ppss0")]
transform = Transform3D(0.26760823, 0, 0.96352786, 0, 1, 0, -0.96352786, 0, 0.26760823, 121.36939, -14.300994, 158.58362)

[node name="fence22" parent="fences" unique_id=1296688816 instance=ExtResource("13_ppss0")]
transform = Transform3D(-0.99077237, -0.011703679, 0.13503116, -0.011600935, 0.9999316, 0.0015477559, -0.13504001, -3.30288e-05, -0.9908402, 212.45525, -13.906205, -70.35501)

[node name="fence23" parent="fences" unique_id=258544435 instance=ExtResource("13_ppss0")]
transform = Transform3D(-0.99077237, -0.011703679, 0.13503116, -0.011600935, 0.9999316, 0.0015477559, -0.13504001, -3.30288e-05, -0.9908402, 201.86208, -14.030243, -71.76173)

[node name="fence24" parent="fences" unique_id=1345869133 instance=ExtResource("13_ppss0")]
transform = Transform3D(-0.99077237, -0.011703679, 0.13503116, -0.011600935, 0.9999316, 0.0015477559, -0.13504001, -3.30288e-05, -0.9908402, 191.08316, -14.156453, -73.24863)

[node name="fence25" parent="fences" unique_id=1823749148 instance=ExtResource("13_ppss0")]
transform = Transform3D(-0.9908282, 0, 0.13512738, 0, 1, 0, -0.13512738, 0, -0.9908282, 180.97311, -14.030967, -74.64419)

[node name="landscape" parent="." unique_id=2118959507 instance=ExtResource("9_7lhp4")]
unique_name_in_owner = true
transform = Transform3D(1, 0, 0, 0, 1, 0, 0, 0, 1, -0.030033588, -0.1080246, 1.4149761)

[node name="StaticBody3D" parent="landscape/Landscape" parent_id_path=PackedInt32Array(2118959507, 102632207) index="0" unique_id=1440106350 groups=["floor"]]

[node name="npcs" type="Node3D" parent="." unique_id=1090715944]
transform = Transform3D(0.3, 0, 0, 0, 0.3, 0, 0, 0, 0.3, 1.2661138, -16.149754, 35.854744)

[node name="NPC1" parent="npcs" unique_id=725019478 instance=ExtResource("15_eu483")]
transform = Transform3D(1.4999998, 0, 0, 0, 1.4999998, 0, 0, 0, 1.4999998, -70.673325, 0.34555054, -64.2581)

[node name="GPUParticles2D" type="GPUParticles2D" parent="." unique_id=786734225]
position = Vector2(500, 3)
scale = Vector2(2, 2)
amount = 200
lifetime = 10.0
preprocess = 30.0
process_material = SubResource("ParticleProcessMaterial_fp1dq")

[editable path="landscape"]
