[gd_scene format=3 uid="uid://dhwuwrgj0xoop"]

[ext_resource type="Script" uid="uid://b6yjo386ho4ca" path="res://gd/node_3d.gd" id="1_7lhp4"]
[ext_resource type="PackedScene" uid="uid://6eok38y3bfyh" path="res://tscn/character_body_3d.tscn" id="1_a202f"]
[ext_resource type="FontFile" uid="uid://pmi7qj0fh53v" path="res://static/PeaberryDoublespace.ttf" id="3_pum07"]
[ext_resource type="Script" uid="uid://bc57ope5deafr" path="res://gd/multiplayer_client.gd" id="3_r3fl7"]
[ext_resource type="PackedScene" uid="uid://bifhuaitnfy3p" path="res://tscn/remote_player.tscn" id="4_jka67"]
[ext_resource type="Shader" uid="uid://cxjghkmx57hr4" path="res://node_3d.gdshader" id="5_jka67"]
[ext_resource type="Texture2D" uid="uid://b0i2ljk60x3w7" path="res://static/citrus_orchard_road_puresky_4k.exr" id="6_i5arm"]
[ext_resource type="Texture2D" uid="uid://dvfqtlkwt0ma2" path="res://static/clouds.jpg" id="6_jsk3o"]
[ext_resource type="Texture2D" uid="uid://c3f4752vwh53n" path="res://static/blue.webp" id="9_4arys"]
[ext_resource type="PackedScene" uid="uid://cxo150m2m6bob" path="res://tscn/control.tscn" id="9_6iypd"]
[ext_resource type="PackedScene" uid="uid://d552wf5u3x3a" path="res://glb/landscape-col.glb" id="9_7lhp4"]
[ext_resource type="PackedScene" uid="uid://dk4wydotfxrj5" path="res://glb/architecture/house1.glb" id="10_oycpi"]
[ext_resource type="PackedScene" uid="uid://bemhyaf0leh7h" path="res://glb/architecture/archhouse1.glb" id="12_y4xl3"]
[ext_resource type="PackedScene" uid="uid://b2acd6oqhabr" path="res://glb/architecture/fence.glb" id="13_ppss0"]
[ext_resource type="PackedScene" uid="uid://bt4w2wdmc86gt" path="res://glb/architecture/skinnyhouse1.glb" id="14_5rhs8"]
[ext_resource type="PackedScene" uid="uid://2lnq4kvnv37b" path="res://tscn/npc_1.tscn" id="15_eu483"]
[ext_resource type="PackedScene" uid="uid://c1dbprdspf5dt" path="res://tscn/npc_2.tscn" id="17_eh2cu"]
[ext_resource type="Script" uid="uid://dqhsobhw8b7ms" path="res://gd/npc.gd" id="18_eh2cu"]

[sub_resource type="ShaderMaterial" id="ShaderMaterial_i5arm"]
shader = ExtResource("5_jka67")
shader_parameter/hdri_background = ExtResource("6_i5arm")
shader_parameter/sky_background = ExtResource("9_4arys")
shader_parameter/clouds = ExtResource("6_jsk3o")
shader_parameter/exposure = 1.0

[sub_resource type="Sky" id="Sky_wc5p8"]
sky_material = SubResource("ShaderMaterial_i5arm")

[sub_resource type="Environment" id="Environment_jsk3o"]
background_mode = 2
sky = SubResource("Sky_wc5p8")

[sub_resource type="Curve" id="Curve_eu483"]
_data = [Vector2(0.015936255, 1), 0.0, 0.0, 0, 0, Vector2(0.90438247, 0.13260138), -1.5113069, -1.5113069, 0, 0, Vector2(1, 0), 0.0, 0.0, 0, 0]
point_count = 3

[sub_resource type="CurveTexture" id="CurveTexture_pum07"]
curve = SubResource("Curve_eu483")

[sub_resource type="Gradient" id="Gradient_yiuqw"]
offsets = PackedFloat32Array(0.40444446, 0.6577778)
colors = PackedColorArray(1, 1, 1, 1, 1, 1, 1, 0.17254902)

[sub_resource type="GradientTexture1D" id="GradientTexture1D_eh2cu"]
gradient = SubResource("Gradient_yiuqw")

[sub_resource type="ParticleProcessMaterial" id="ParticleProcessMaterial_fp1dq"]
particle_flag_disable_z = true
emission_shape = 3
emission_box_extents = Vector3(500, 1, 1)
gravity = Vector3(30, 98, 0)
scale_max = 4.0
color_ramp = SubResource("GradientTexture1D_eh2cu")
alpha_curve = SubResource("CurveTexture_pum07")
turbulence_enabled = true
turbulence_noise_speed_random = 0.0
turbulence_influence_min = 0.020000001
turbulence_influence_max = 0.080000006

[sub_resource type="Curve3D" id="Curve3D_pum07"]
bake_interval = 0.01
_data = {
"points": PackedVector3Array(0, 0, 0, 0, 0, 0, 0, 0, 0, -10, 0, 0, 10, 0, 0, 5.271591, 0, 36.61544, -10, 0, 0, 0, 0, 0, 28.202257, 0.04743576, 79.47033, 0, 0, 0, 10, 0, 0, 91.39949, 0.061077118, 86.12015, -10, 0, 0, 0, 0, 0, 115.555435, 0.15332031, 48.86924, 0, 0, 0, 10, 0, 0, 185.24384, 0.051437378, 38.30371, -10, 0, 0, 10, 0, 0, 204.50943, 0.15289307, 8.19445, 0, 0, 0, 0, 0, 0, 223.78137, 0.09065819, -1.0101318),
"tilts": PackedFloat32Array(0, 0, 0, 0, 0, 0, 0, 0)
}
point_count = 8

[sub_resource type="Curve3D" id="Curve3D_yiuqw"]
_data = {
"points": PackedVector3Array(0, 0, 0, 0, 0, 0, 55.15376, 0, -9.124005, 0, 0, 0, -10, 0, 0, 35.102383, 0, -1.4891272, 0, 0, 0, 0, 0, 0, 38.195286, 0.020349503, 73.6386),
"tilts": PackedFloat32Array(0, 0, 0)
}
point_count = 3

[sub_resource type="Curve3D" id="Curve3D_eh2cu"]
_data = {
"points": PackedVector3Array(0, 0, 0, 0, 0, 0, -1.9161835, 0, -0.119766235, 0, 0, -20, 0, 0, 0, 58.0244, -0.029863358, 9.204887),
"tilts": PackedFloat32Array(0, 0)
}
point_count = 2

[sub_resource type="Curve3D" id="Curve3D_fp1dq"]
_data = {
"points": PackedVector3Array(0, 0, 0, 0, 0, 0, 0, 0, 0, -10, 0, 0, 10, 0, 0, 43.491188, 0, -6.383194, 20, 0, 0, 0, 0, 0, 73.0518, -0.10632515, 17.923847),
"tilts": PackedFloat32Array(0, 0, 0)
}
point_count = 3

[sub_resource type="Curve3D" id="Curve3D_byo66"]
_data = {
"points": PackedVector3Array(0, 0, 0, 0, 0, 0, 0, 0, 0, 0, 0, 0, 0, 0, 0, 3.8322911, 0.0038062334, -0.22418213),
"tilts": PackedFloat32Array(0, 0)
}
point_count = 2

[node name="Node3D" type="Node3D" unique_id=1689037102]
script = ExtResource("1_7lhp4")

[node name="player" parent="." unique_id=966699921 groups=["player"] instance=ExtResource("1_a202f")]
unique_name_in_owner = true
transform = Transform3D(0.29999998, 0, 0, 0, 0.2999927, -0.002089142, 0, 0.002089142, 0.2999927, 1.2661138, -16.149754, 35.854744)

[node name="username" type="Label3D" parent="player" unique_id=2058100187]
transform = Transform3D(2.5, 0, 0, 0, 2.5, 0, 0, 0, 2.5, 0, 7, 0)
pixel_size = 0.008
billboard = 1
text = "Player
"
font = ExtResource("3_pum07")
font_size = 48
outline_size = 8

[node name="MultiplayerClient" type="Node" parent="." unique_id=430003472 node_paths=PackedStringArray("local_player") groups=["socket"]]
script = ExtResource("3_r3fl7")
remote_player_scene = ExtResource("4_jka67")
local_player = NodePath("../player")

[node name="WorldEnvironment" type="WorldEnvironment" parent="." unique_id=1541247748]
environment = SubResource("Environment_jsk3o")

[node name="main" type="CanvasLayer" parent="." unique_id=614408343]

[node name="Control" parent="main" unique_id=1355566499 instance=ExtResource("9_6iypd")]
mouse_filter = 1

[node name="buildings" type="Node3D" parent="." unique_id=1568504284]

[node name="house1" parent="buildings" unique_id=277096914 instance=ExtResource("10_oycpi")]
transform = Transform3D(1.5, 0, 0, 0, 1.5, 0, 0, 0, 1.5, -21.633549, -12.761167, 9.666206)

[node name="house5" parent="buildings" unique_id=1932267710 instance=ExtResource("10_oycpi")]
transform = Transform3D(-1.4992872, 0, 0.04622637, 0, 1.4999998, 0, -0.04622637, 0, -1.4992872, -28.617062, -12.466211, 154.90955)

[node name="house3" parent="buildings" unique_id=678245804 instance=ExtResource("10_oycpi")]
transform = Transform3D(1.4999658, 0, -0.010131666, 0, 1.5, 0, 0.010131666, 0, 1.4999658, 172.12843, -12.466211, -7.5569)

[node name="archhouse1" parent="buildings" unique_id=862230479 instance=ExtResource("12_y4xl3")]
transform = Transform3D(0.014032332, 0, -1.4999344, 0, 1.5, 0, 1.4999344, 0, 0.014032332, 129.07576, -10.920583, 84.01862)

[node name="archhouse2" parent="buildings" unique_id=1643073342 instance=ExtResource("12_y4xl3")]
transform = Transform3D(0.39709717, 0, 1.4464834, 0, 1.4999999, 0, -1.4464834, 0, 0.39709717, 24.300667, -11.066723, 103.97597)

[node name="skinnyhouse1" parent="buildings" unique_id=200705801 instance=ExtResource("14_5rhs8")]
transform = Transform3D(1.5, 0, 0, 0, 1.5, 0, 0, 0, 1.5, 32.86203, -12.853378, 9.557)

[node name="skinnyhouse2" parent="buildings" unique_id=219530407 instance=ExtResource("14_5rhs8")]
transform = Transform3D(-1.4999479, 7.162021e-05, 0.012498829, 6.656582e-05, 1.4999999, -0.0006066999, -0.0124988565, -0.000606124, -1.4999478, -71.78859, -12.853, 84.09379)

[node name="skinnyhouse3" parent="buildings" unique_id=123307047 instance=ExtResource("14_5rhs8")]
transform = Transform3D(1.4500908, 9.08476e-05, 0.3837148, 6.656577e-05, 1.4999999, -0.0006066999, -0.38371468, 0.00060354156, 1.4500905, 198.928, -12.853, 46.832336)

[node name="fences" type="Node3D" parent="." unique_id=88815879]

[node name="fence" parent="fences" unique_id=636503190 instance=ExtResource("13_ppss0")]
transform = Transform3D(0.24726956, 0, 0.9689468, 0, 1, 0, -0.9689468, 0, 0.24726956, 18.248075, -14.177863, 122.47038)

[node name="fence2" parent="fences" unique_id=1664963420 instance=ExtResource("13_ppss0")]
transform = Transform3D(0.11148622, 0, 0.99376607, 0, 1, 0, -0.99376607, 0, 0.11148622, 16.377766, -14.177863, 132.66386)

[node name="fence3" parent="fences" unique_id=156969021 instance=ExtResource("13_ppss0")]
transform = Transform3D(-0.0013788939, 0, 0.99999917, 0, 1, 0, -0.99999917, 0, -0.0013788939, 15.849037, -14.300992, 143.19884)

[node name="fence4" parent="fences" unique_id=1783867518 instance=ExtResource("13_ppss0")]
transform = Transform3D(-0.0013788939, 0, 0.99999917, 0, 1, 0, -0.99999917, 0, -0.0013788939, 15.849037, -14.300992, 153.81242)

[node name="fence5" parent="fences" unique_id=2018228431 instance=ExtResource("13_ppss0")]
transform = Transform3D(-0.0013788939, 0, 0.99999917, 0, 1, 0, -0.99999917, 0, -0.0013788939, 15.849037, -14.300992, 164.43784)

[node name="fence6" parent="fences" unique_id=908148993 instance=ExtResource("13_ppss0")]
transform = Transform3D(-0.12915915, 0, 0.991624, 0, 1, 0, -0.991624, 0, -0.12915915, 16.589546, -14.300992, 174.94196)

[node name="fence7" parent="fences" unique_id=652155914 instance=ExtResource("13_ppss0")]
transform = Transform3D(-0.23665154, 0, -0.97159463, 0, 1, 0, 0.97159463, 0, -0.23665154, 28.529385, -14.300992, 81.703545)

[node name="fence8" parent="fences" unique_id=857889012 instance=ExtResource("13_ppss0")]
transform = Transform3D(-0.23665154, 0, -0.97159463, 0, 1, 0, 0.97159463, 0, -0.23665154, 31.057999, -14.300992, 71.38464)

[node name="fence9" parent="fences" unique_id=1155328263 instance=ExtResource("13_ppss0")]
transform = Transform3D(-0.49647403, 0, -0.8680515, 0, 1, 0, 0.8680515, 0, -0.49647403, 34.851147, -14.300992, 61.784447)

[node name="fence10" parent="fences" unique_id=1010183890 instance=ExtResource("13_ppss0")]
transform = Transform3D(-0.49647403, 0, -0.8680515, 0, 1, 0, 0.8680515, 0, -0.49647403, 40.1022, -14.300992, 52.56007)

[node name="fence11" parent="fences" unique_id=2081910336 instance=ExtResource("13_ppss0")]
transform = Transform3D(-0.5721029, 0, -0.8201818, 0, 1, 0, 0.8201818, 0, -0.5721029, 45.732334, -14.300992, 43.69125)

[node name="fence12" parent="fences" unique_id=881134847 instance=ExtResource("13_ppss0")]
transform = Transform3D(-0.76252156, 0, -0.64696276, 0, 1, 0, 0.64696276, 0, -0.76252156, 52.653873, -14.300992, 36.080704)

[node name="fence13" parent="fences" unique_id=370444826 instance=ExtResource("13_ppss0")]
transform = Transform3D(-0.76252156, 0, -0.64696276, 0, 1, 0, 0.64696276, 0, -0.76252156, 60.675823, -14.300992, 29.27401)

[node name="fence14" parent="fences" unique_id=1225405014 instance=ExtResource("13_ppss0")]
transform = Transform3D(0.09249233, 0, -0.9957134, 0, 1, 0, 0.9957134, 0, 0.09249233, 128.33064, -14.300992, 64.5721)

[node name="fence15" parent="fences" unique_id=2013499595 instance=ExtResource("13_ppss0")]
transform = Transform3D(0.170072, 0, -0.9854316, 0, 1, 0, 0.9854316, 0, 0.170072, 126.96446, -14.300992, 54.178017)

[node name="fence16" parent="fences" unique_id=413797393 instance=ExtResource("13_ppss0")]
transform = Transform3D(0.01863885, 0, 0.9998264, 0, 1, 0, -0.9998264, 0, 0.01863885, 128.86069, -14.300992, 106.610054)

[node name="fence17" parent="fences" unique_id=1825813090 instance=ExtResource("13_ppss0")]
transform = Transform3D(0.01863885, 0, 0.9998264, 0, 1, 0, -0.9998264, 0, 0.01863885, 128.68826, -14.300992, 117.21637)

[node name="fence18" parent="fences" unique_id=1539557532 instance=ExtResource("13_ppss0")]
transform = Transform3D(0.01863885, 0, 0.9998264, 0, 1, 0, -0.9998264, 0, 0.01863885, 128.46278, -14.300992, 127.8167)

[node name="fence19" parent="fences" unique_id=123562589 instance=ExtResource("13_ppss0")]
transform = Transform3D(0.26760823, 0, 0.96352786, 0, 1, 0, -0.96352786, 0, 0.26760823, 127.03502, -14.300992, 138.12695)

[node name="fence20" parent="fences" unique_id=554184171 instance=ExtResource("13_ppss0")]
transform = Transform3D(0.26760823, 0, 0.96352786, 0, 1, 0, -0.96352786, 0, 0.26760823, 124.1539, -14.300992, 148.41179)

[node name="fence21" parent="fences" unique_id=1038814795 instance=ExtResource("13_ppss0")]
transform = Transform3D(0.26760823, 0, 0.96352786, 0, 1, 0, -0.96352786, 0, 0.26760823, 121.36939, -14.300994, 158.58362)

[node name="fence22" parent="fences" unique_id=1296688816 instance=ExtResource("13_ppss0")]
transform = Transform3D(-0.99077237, -0.011703679, 0.13503116, -0.011600935, 0.9999316, 0.0015477559, -0.13504001, -3.30288e-05, -0.9908402, 212.45525, -13.906205, -70.35501)

[node name="fence23" parent="fences" unique_id=258544435 instance=ExtResource("13_ppss0")]
transform = Transform3D(-0.99077237, -0.011703679, 0.13503116, -0.011600935, 0.9999316, 0.0015477559, -0.13504001, -3.30288e-05, -0.9908402, 201.86208, -14.030243, -71.76173)

[node name="fence24" parent="fences" unique_id=1345869133 instance=ExtResource("13_ppss0")]
transform = Transform3D(-0.99077237, -0.011703679, 0.13503116, -0.011600935, 0.9999316, 0.0015477559, -0.13504001, -3.30288e-05, -0.9908402, 191.08316, -14.156453, -73.24863)

[node name="fence25" parent="fences" unique_id=1823749148 instance=ExtResource("13_ppss0")]
transform = Transform3D(-0.9908282, 0, 0.13512738, 0, 1, 0, -0.13512738, 0, -0.9908282, 180.97311, -14.030967, -74.64419)

[node name="landscape" parent="." unique_id=2118959507 instance=ExtResource("9_7lhp4")]
unique_name_in_owner = true
transform = Transform3D(1, 0, 0, 0, 1, 0, 0, 0, 1, -0.030033588, -0.1080246, 1.4149761)

[node name="Landscape" parent="landscape" index="0" unique_id=845164961]
transform = Transform3D(17.71466, -0.0029094922, 0.017167607, 0.0028964176, 17.714664, 0.013368785, -0.017169818, -0.013365945, 17.714655, -0.0062122345, 0.06770897, -0.060983658)

[node name="CollisionShape3D" parent="landscape/Landscape/StaticBody3D2" parent_id_path=PackedInt32Array(2118959507, 804776040) index="0" unique_id=437108188]
transform = Transform3D(1, -1.5688784e-11, 5.820766e-11, 1.5745627e-11, 1, 5.820766e-11, -5.820766e-11, -5.820766e-11, 0.99999994, 0.0092385635, 0.008848596, -0.0011596978)

[node name="npcs" type="Node3D" parent="." unique_id=1090715944]
transform = Transform3D(0.3, 0, 0, 0, 0.3, 0, 0, 0, 0.3, 1.2661138, -16.149754, 35.854744)

[node name="Sealius" parent="npcs" unique_id=725019478 instance=ExtResource("15_eu483")]
unique_name_in_owner = true
transform = Transform3D(1.4999998, 0, 0, 0, 1.4999998, 0, 0, 0, 1.4999998, -70.673325, 0.34555054, -64.2581)

[node name="Chief" parent="npcs" unique_id=1762828805 instance=ExtResource("17_eh2cu")]
unique_name_in_owner = true
transform = Transform3D(0.8296292, 0, 1.249686, 0, 1.4999999, 0, -1.249686, 0, 0.8296292, 86.20523, 0.16427612, 257.36548)
script = ExtResource("18_eh2cu")

[node name="GPUParticles2D" type="GPUParticles2D" parent="." unique_id=786734225]
position = Vector2(500, 3)
scale = Vector2(2, 2)
amount = 200
lifetime = 10.0
preprocess = 30.0
process_material = SubResource("ParticleProcessMaterial_fp1dq")

[node name="paths" type="Node3D" parent="." unique_id=548787052]
transform = Transform3D(17.71466, -0.0029094925, 0.017167607, 0.0028964179, 17.714664, 0.013368785, -0.01716982, -0.013365946, 17.714653, 0.12736654, 0.11644556, 1.333172)

[node name="Node3D" type="Node3D" parent="paths" unique_id=342245704]
transform = Transform3D(0.05574727, 9.230239e-06, -0.008881904, -1.581783e-05, 0.056450367, -4.061875e-05, 0.008881896, 4.2601514e-05, 0.05574726, -1.3678904, -1.0623544, 0.69084305)

[node name="Path3D" type="Path3D" parent="paths/Node3D" unique_id=1444936756]
curve = SubResource("Curve3D_pum07")

[node name="CSGPolygon3D" type="CSGPolygon3D" parent="paths/Node3D" unique_id=2021702805]
transform = Transform3D(1, 0, 0, 0, 1, 0, 0, 0, 1, 2.8240128, 0, -1.6225395)
polygon = PackedVector2Array(1, 0, 0, 1, 5, 1, 5, 0)
mode = 2
path_node = NodePath("../Path3D")
path_interval_type = 0
path_interval = 1.0
path_simplify_angle = 0.0
path_rotation = 2
path_rotation_accurate = false
path_local = true
path_continuous_u = true
path_u_distance = 1.0
path_joined = false

[node name="Node3D2" type="Node3D" parent="paths" unique_id=1513623599]
transform = Transform3D(0.052787513, 9.230239e-06, -0.020003123, -2.3726785e-05, 0.056450367, -3.6566733e-05, 0.020003114, 4.2601514e-05, 0.052787505, -1.1874034, -1.0620124, 0.19856073)

[node name="Path3D" type="Path3D" parent="paths/Node3D2" unique_id=365693878]
curve = SubResource("Curve3D_yiuqw")

[node name="CSGPolygon3D" type="CSGPolygon3D" parent="paths/Node3D2" unique_id=695128872]
polygon = PackedVector2Array(1, 0, 0, 1, 5, 1, 5, 0)
mode = 2
path_node = NodePath("../Path3D")
path_interval_type = 0
path_interval = 1.0
path_simplify_angle = 0.0
path_rotation = 2
path_rotation_accurate = false
path_local = true
path_continuous_u = true
path_u_distance = 1.0
path_joined = false

[node name="Node3D3" type="Node3D" parent="paths" unique_id=1990729759]
transform = Transform3D(0.056450363, 9.230239e-06, -5.471408e-05, -9.271144e-06, 0.056450367, -4.2592634e-05, 5.4707176e-05, 4.2601514e-05, 0.056450352, -3.916573, -1.0627217, 4.3256927)

[node name="Path3D" type="Path3D" parent="paths/Node3D3" unique_id=1429470314]
curve = SubResource("Curve3D_eh2cu")

[node name="CSGPolygon3D" type="CSGPolygon3D" parent="paths/Node3D3" unique_id=1772409085]
polygon = PackedVector2Array(0, 0, 0, 1, 5, 1, 5, 0)
mode = 2
path_node = NodePath("../Path3D")
path_interval_type = 0
path_interval = 1.0
path_simplify_angle = 0.0
path_rotation = 2
path_rotation_accurate = false
path_local = true
path_continuous_u = true
path_u_distance = 1.0
path_joined = false

[node name="Node3D4" type="Node3D" parent="paths" unique_id=1222073984]
transform = Transform3D(-0.0006640275, 9.229762e-06, 0.046389055, 4.2803666e-05, 0.05645028, -7.1739137e-06, -0.05657425, 4.2601136e-05, -0.000544486, -1.6587398, -1.063607, 8.504943)

[node name="Path3D" type="Path3D" parent="paths/Node3D4" unique_id=950653490]
curve = SubResource("Curve3D_fp1dq")

[node name="CSGPolygon3D" type="CSGPolygon3D" parent="paths/Node3D4" unique_id=860816703]
transform = Transform3D(0.9044777, -1.7550523e-18, -5.551115e-17, 3.303964e-18, 1, 5.551115e-17, -8.326673e-17, 0, 1.2600071, 0, 0, 0)
polygon = PackedVector2Array(0, 0, 0, 1, 5, 1, 5, 0)
mode = 2
path_node = NodePath("../Path3D")
path_interval_type = 0
path_interval = 1.0
path_simplify_angle = 0.0
path_rotation = 2
path_rotation_accurate = false
path_local = true
path_continuous_u = true
path_u_distance = 1.0
path_joined = false

[node name="Node3D5" type="Node3D" parent="paths" unique_id=1444783396]
transform = Transform3D(0.012339123, 0.00091610727, -0.9999233, -0.0005931292, 0.9999991, 0.00090885215, 0.9999234, 0.00058186107, 0.012339691, 9.720491, -1.0293012, -0.37870365)

[node name="Path3D" type="Path3D" parent="paths/Node3D5" unique_id=2057032437]
transform = Transform3D(1, 0, 9.313226e-10, 0, 1, 1.0140866e-10, -9.313226e-10, 1.72804e-11, 1.0000002, -0.012616143, 2.3841858e-06, -0.00016880035)
curve = SubResource("Curve3D_byo66")

[node name="CSGPolygon3D" type="CSGPolygon3D" parent="paths/Node3D5" unique_id=1408258137]
transform = Transform3D(1.0040352, -2.2737368e-12, 4.656613e-10, -4.3655746e-11, 0.02307945, -4.0813575e-11, -9.313226e-10, 1.10134124e-13, 0.26051378, 0, 0, 0)
mode = 2
path_node = NodePath("../Path3D")
path_interval_type = 0
path_interval = 1.0
path_simplify_angle = 0.0
path_rotation = 2
path_rotation_accurate = false
path_local = true
path_continuous_u = true
path_u_distance = 1.0
path_joined = false

[editable path="landscape"]
